ID	GENDER	AGE	VariantOrder_0_ParityFirst_1_SkippingFirst	TransmissionContext_0_ExpertNovice_1_PeerPeer	InputOrder_0_ExpertFirst_1_PeerFrist	Produced_0_Expert_1_Peer	Congruent	Variant_0_Parity_1_Skipping
1	1	23	1	0	1	0	1	0
2	0	25	1	0	0	0	1	1
3	0	27	1	1	1	0	0	0
4	1	22	1	1	1	0	0	0
5	1	20	1	1	1	0	0	0
6	1	20	0	1	1	1	1	0
7	1	19	0	1	1	1	1	0
8	0	20	1	0	0	0	1	1
9	1	21	1	0	0	0	1	1
10	0	21	0	0	1	0	1	1
11	0	20	1	0	0	1	0	0
12	1	19	0	0	1	0	1	1
13	1	25	0	0	1	0	1	1
14	0	21	1	1	0	1	1	0
15	1	20	1	1	0	1	1	0
16	0	20	1	1	0	1	1	0
17	1	20	0	1	1	1	1	0
18	1	19	1	1	0	1	1	0
19	0	20	0	1	1	0	0	1
20	0	28	0	1	0	1	1	1
21	1	22	0	1	0	1	1	1
22	1	19	0	1	0	0	0	0
23	1	26	0	0	0	0	1	1
24	1	27	0	0	0	0	1	1
25	0	22	0	1	0	1	1	0
26	0	22	1	1	1	0	0	0
27	1	21	1	1	1	1	1	1
28	0	21	0	0	0	0	1	0
29	0	21	0	0	1	0	1	1
30	0	20	1	0	1	0	1	0
31	1	22	1	0	1	0	1	0
32	0	20	1	0	1	0	1	0
33	0	20	0	1	0	0	0	0
34	0	20	0	1	1	0	0	1
35	0	20	1	1	0	1	1	0
36	0	19	0	0	1	0	1	1
37	0	20	1	0	0	1	0	0
38	1	20	1	1	0	1	1	0
39	1	21	1	1	0	0	0	1
40	1	20	1	1	0	0	0	1
41	1	19	1	0	0	0	1	1
42	0	21	1	0	0	0	1	1
43	1	21	1	0	0	0	1	1
44	0	19	0	0	1	0	1	1
45	0	20	0	0	1	0	1	1
46	1	19	0	0	1	0	1	1
47	0	24	0	0	0	0	1	0
48	0	21	0	0	0	0	1	0
49	0	19	1	0	1	0	1	0
50	1	20	0	0	0	0	1	0
51	1	21	1	1	1	1	1	1
52	1	20	1	0	1	0	1	0
53	1	20	1	1	1	0	0	0
54	0	26	1	1	1	1	1	1
55	0	22	0	1	0	0	0	0
56	1	20	0	1	0	0	0	0
57	1	21	0	1	0	1	1	1
58	1	21	0	1	1	1	1	0
59	1	22	0	1	1	1	1	0
60	1	21	0	1	1	0	0	1
61	1	18	1	0	1	1	0	1
62	0	21	1	0	1	0	1	0
